735
0 344
31074 53941 54810 20886 93442 43074 80092 64691 50618 43297 4213 53602 92380 62989 38183 59126 83261 67463 13782 74214 56984 84637 47044 54664 34352 22580 87833 63263 80650 56286 93817 50592 53706 12421 50872 65211 30475 11006 91865 97566 3951 20380 84835 84948 30407 2885 94267 52440 65959 85809 4113 593 45717 86413 30769 72715 26528 35319 67732 37903 25170 41469 50523 71630 29259 27863 42234 67516 6093 92397 27656 6973 75458 1177 72752 30623 62436 18877 75179 386 59703 77895 82252 80909 25685 80354 14100 95567 35983 38182 12286 59278 20438 31470 34608 32366 92730 3342 11007 63100 34373 98726 60944 40455 89917 61524 22260 3066 48814 42729 9069 4374 74784 29026 42557 36651 7481 23922 4328 50317 76166 44902 80160 5610 24867 35661 18088 1734 39198 52906 30262 44402 2797 60979 77738 99630 24972 26092 8602 89805 54534 85982 33315 5325 86242 18709 2846 86920 85867 45680 91345 8024 19369 79038 42800 47842 37116 37367 85336 35107 52583 7292 84991 28809 73947 99650 55326 7180 8930 14769 81264 45358 89603 10108 73467 52090 73775 8674 8351 42332 39752 7563 9591 1970 13975 50625 91648 21671 23954 2500 32267 96613 42434 76197 58955 48946 9027 92963 22510 70371 83315 58636 12749 93078 35197 73153 83655 46257 38069 35512 41289 79315 31633 40929 45410 12261 78361 39492 82801 32237 11917 74985 52050 90797 17880 70381 85964 62548 71844 42126 40061 80636 51722 23462 48125 71381 96360 43162 9441 19265 28322 77669 97495 54633 55913 37567 86227 15755 37925 693 49247 27998 96897 34505 43658 80191 80118 3313 6600 39973 28604 4290 98633 96284 63214 67555 96727 99567 41060 86342 83834 29628 93968 66827 9857 94965 28683 85368 29655 32003 50047 75985 25592 35444 4476 2407 41071 85925 83832 77763 71846 74650 38494 4731 17643 86636 52465 37940 74370 5683 71126 38880 38677 69055 31819 64075 87332 41328 6580 89497 81433 986 27933 88953 7072 50394 60041 44616 36490 79283 39496 65316 27615 39635 64658 44167 25355 89610 62860 71589 56271 81797 49538 18369 17983 34541 45572 6970 65856 2926 71970 22599 10284 46583 
4 1
48946 
27 1
30407 
37 5
30475 29026 56984 93078 87332 
59 1
85809 
61 4
72752 2797 12749 28809 
71 2
41328 60944 
72 2
67516 5610 
82 4
25592 85925 71970 30407 
87 3
25685 86342 38183 
100 5
82252 15755 53706 83832 83261 
112 3
42557 47842 74650 
125 1
62548 
140 1
24972 
157 2
86342 83261 
178 3
50592 20438 81433 
191 2
74370 24867 
209 6
45572 54664 76166 73775 50394 43074 
239 2
85925 3951 
241 3
80191 65211 39973 
242 1
50317 
244 1
28604 
245 1
77763 
270 2
66827 42234 
304 2
37903 1177 
316 2
39973 29628 
332 1
52583 
343 3
7072 51722 32237 
350 1
36490 
366 4
52440 89603 55326 73775 
388 4
29655 60944 30475 99630 
390 2
94267 44167 
393 2
53941 693 
443 1
63100 
447 1
85867 
455 1
80650 
466 4
98633 35983 14100 45410 
476 1
38183 
478 1
69055 
491 2
1970 51722 
495 4
83832 3313 52440 46257 
506 2
59703 60979 
522 2
30769 25170 
543 1
41289 
565 1
2500 
566 2
97495 94965 
589 1
80118 
594 1
81433 
600 3
71846 4476 86227 
602 6
2846 30623 39492 78361 98726 62860 
607 2
88953 78361 
626 1
32237 
650 1
52465 
665 1
74985 
669 1
62436 
676 1
91345 
690 7
35661 97495 25685 41289 37116 55913 43074 
693 1
83832 
715 6
32003 19369 66827 29655 52440 60979 
717 1
59278 
736 3
50872 35444 91345 
772 2
9441 99567 
773 1
37925 
779 2
25355 44167 
795 1
6093 
808 5
59703 42126 8674 80118 35512 
813 4
53602 2797 20886 3342 
844 2
42434 34505 
848 3
96727 71846 30475 
854 3
47842 52465 42332 
933 4
35983 58636 30623 81264 
952 4
54534 35197 74370 45572 
959 1
50872 
969 1
37940 
970 3
30262 94965 37903 
971 2
69055 65211 
972 1
7481 
21 1
83832 
32 1
89805 
39 1
2407 
45 3
50047 45410 59126 
60 2
59278 64691 
62 1
54664 
64 2
4476 81797 
105 1
20438 
117 1
6973 
118 2
20886 45717 
121 1
75179 
128 4
71381 35197 9069 80650 
142 4
63214 11006 77738 44616 
148 2
84637 76166 
150 3
19369 53706 86413 
160 2
18877 93442 
174 1
77895 
179 3
42557 80160 92730 
197 1
65316 
200 1
74370 
217 1
65211 
222 1
47044 
232 4
39752 80650 37367 18877 
234 2
28604 83655 
247 1
56286 
252 1
38069 
267 2
5325 95567 
268 3
44167 37940 18369 
273 6
31074 53602 52906 95567 37567 27863 
320 4
27998 52906 38182 62548 
333 2
40061 86342 
335 4
95567 78361 3342 56286 
336 1
45680 
356 2
54534 4476 
358 3
97566 97495 84991 
359 3
48814 51722 84835 
389 3
9591 39492 3066 
410 5
42557 71381 62860 9069 25355 
411 5
39496 37925 35107 62436 56271 
431 2
62436 96613 
457 1
82801 
462 4
42126 94267 6600 75458 
500 1
6093 
509 2
62436 34505 
510 1
48125 
512 3
74214 21671 8351 
520 3
67732 87332 44402 
534 2
80650 50394 
535 3
67463 32003 41071 
555 2
26092 71126 
556 6
72752 45572 81433 77669 92963 21671 
563 4
9441 81264 30262 41469 
571 1
63214 
577 6
5683 92397 18088 65959 63263 52090 
581 6
79315 56271 81264 37925 44402 88953 
586 1
1177 
587 5
27615 58955 4290 70371 80354 
606 2
7180 56286 
621 3
18877 46257 9069 
622 1
80354 
633 2
53941 50592 
634 3
42434 69055 3951 
639 4
60944 80909 12749 54810 
640 1
30262 
678 3
93442 9857 97495 
700 2
6970 19265 
716 3
74784 7180 76166 
737 1
78361 
760 2
93817 50047 
809 3
38182 56286 25355 
815 1
34608 
828 2
7180 693 
830 4
65856 53602 35512 40455 
834 4
87833 64075 79283 89805 
853 1
4290 
889 2
22260 693 
908 1
23462 
911 2
23922 4113 
920 1
45680 
925 1
50047 
949 1
44402 
950 1
66827 
962 1
71381 
973 1
10284 
977 1
85368 
980 1
8674 
983 1
27615 
993 2
99567 54633 
995 5
37940 44402 83834 37367 89497 
998 2
74214 4731 
14 2
79283 37925 
20 3
29026 77738 986 
31 1
65316 
76 6
21671 74985 31819 38182 9591 51722 
102 2
17643 67463 
104 2
50618 22510 
123 2
85368 93968 
124 1
64691 
137 2
693 7292 
154 1
4328 
163 1
77738 
186 2
44902 70371 
205 5
86636 17643 4374 85809 22599 
210 4
64075 71381 28809 3066 
213 1
99630 
216 4
4476 71589 18709 93078 
220 2
93442 64691 
237 6
77738 5325 27615 62548 25685 89497 
258 2
37903 53941 
288 3
23922 77738 92397 
313 2
50872 84637 
314 2
90797 8351 
373 5
14100 12286 46583 62548 27656 
375 2
87332 37116 
400 5
86227 40929 89603 84637 11917 
403 5
71846 35107 30475 85368 9857 
409 2
93442 74784 
437 2
1734 79283 
453 3
1177 53706 2797 
461 5
29628 42434 8024 71630 39198 
479 2
45572 42729 
480 5
34608 94965 3951 31074 6093 
483 3
99567 12421 4328 
486 4
67732 73947 93442 63263 
493 2
22260 83832 
494 1
63100 
504 2
89603 43297 
517 3
80092 24867 64075 
528 3
32366 85982 58955 
550 1
35661 
583 3
89610 38677 43658 
609 2
25355 52906 
623 1
34541 
624 2
38069 4213 
625 3
81433 2797 8024 
632 1
17983 
635 4
38069 7180 1970 20886 
652 1
71381 
666 2
41469 7292 
674 7
65856 27998 44616 39752 59278 1734 27863 
685 3
78361 35512 1970 
694 3
41060 50618 60944 
718 5
7180 58636 86342 86413 85867 
767 1
7481 
780 5
8602 8930 86920 44402 72752 
794 2
28809 35983 
802 2
50618 71970 
821 2
58636 85964 
823 1
45572 
837 2
93078 39198 
849 1
8674 
903 2
99567 50625 
927 5
83832 87332 26528 79283 27615 
954 1
22260 
988 5
86342 80118 43658 31074 81433 
996 3
85982 53602 48946 
9 1
48946 
33 2
96360 87833 
35 1
62548 
36 2
70381 27656 
43 2
44902 9069 
52 5
64075 44902 75985 39752 60944 
54 3
3313 9069 29655 
55 2
30475 61524 
58 1
85867 
96 1
81264 
107 1
70381 
129 2
30475 50618 
143 2
12261 30262 
192 1
77738 
221 1
8930 
249 2
11006 35107 
257 3
38677 73947 22260 
260 4
37940 30475 50872 26092 
285 1
74214 
291 3
28322 7072 46257 
309 5
88953 45410 47044 71589 4328 
312 2
22260 97495 
325 4
49538 80354 52465 31633 
339 6
34541 52090 84948 29026 29259 6970 
353 1
86413 
365 3
98726 43162 20886 
381 3
7180 58636 96360 
395 3
84835 75985 11007 
396 3
29628 44402 9069 
397 3
81797 386 37940 
399 2
74985 96727 
415 1
19265 
426 1
4328 
434 2
71846 45410 
440 4
44616 31819 62548 84835 
465 3
81797 44402 1177 
475 3
25170 67463 62860 
477 4
64691 84835 45680 71630 
501 3
38494 47842 52440 
503 2
75179 5325 
511 2
20380 77763 
514 3
39198 9069 5325 
562 2
63100 48125 
570 2
38494 48125 
603 2
12749 65856 
614 3
80092 69055 34541 
620 3
13975 85867 52440 
643 1
50523 
651 1
65316 
670 2
84948 46257 
683 1
29655 
692 2
63214 31819 
695 2
43297 14100 
720 7
83261 48814 41060 50394 85982 82801 85964 
729 1
9441 
739 1
22510 
753 1
96360 
771 1
83655 
782 3
30407 50618 80354 
797 3
89917 7072 71589 
814 3
43074 62989 32267 
825 1
18088 
831 1
34608 
836 3
98633 37367 92380 
845 3
2885 28683 38494 
850 3
44902 49538 11006 
863 4
48814 83261 93817 12286 
869 2
64691 79038 
895 2
28322 9441 
898 3
44902 25685 52465 
928 2
73775 83261 
931 1
4374 
932 3
78361 11006 70371 
963 2
9069 72752 
965 2
80354 59703 
992 1
76197 
11 5
67516 2885 593 39635 1970 
48 2
74985 73153 
51 2
84835 69055 
68 1
22260 
86 3
80909 85336 11007 
94 2
59703 81797 
108 3
693 25592 72715 
114 3
73947 12286 62548 
145 1
2407 
166 1
5325 
176 2
25355 85925 
185 4
37567 77738 40455 25592 
189 9
75985 54534 38677 3313 9027 30769 99630 90797 45680 
199 1
29628 
203 3
35512 59703 45680 
218 5
56286 93968 25685 51722 8930 
248 1
77669 
271 8
35512 67516 38677 25685 35319 35661 20438 50618 
283 1
65211 
295 5
70371 2885 20886 30475 96613 
301 1
28322 
317 1
72752 
322 2
23922 75458 
327 4
96284 32267 7481 22260 
352 4
66827 34505 29259 35983 
362 2
39752 38183 
391 1
92397 
445 2
85964 6970 
456 1
91345 
459 1
9591 
482 1
34541 
492 4
9591 74370 52440 44402 
502 3
8602 85809 70381 
505 6
80160 80636 99630 86636 91345 35319 
539 1
8351 
560 2
43658 85867 
582 2
27933 4731 
601 3
69055 76197 55326 
672 3
63100 80909 85867 
688 1
39496 
724 1
29259 
727 2
91865 29655 
738 4
78361 39492 34608 8351 
749 3
94965 23922 86342 
750 1
96360 
759 2
81433 25685 
778 1
82801 
787 5
77669 12261 48814 7292 92730 
790 2
42557 39752 
800 5
27933 11007 54664 55326 37367 
807 3
98726 86342 80191 
859 3
92963 8351 85368 
865 1
2885 
877 2
5325 2407 
885 2
63100 77895 
886 4
52465 58955 92397 41328 
893 1
38183 
896 4
71126 34373 92380 31470 
897 3
58955 18369 6970 
915 3
36651 28683 49538 
919 2
62548 80650 
921 1
60979 
939 9
19369 84948 35319 35197 89497 38494 51722 61524 74370 
976 2
96284 89497 
3 4
9027 63214 17880 62548 
30 4
53706 20438 64691 44616 
63 3
61524 41060 97495 
77 3
9441 18088 28322 
90 4
7180 83655 91648 59278 
99 4
39752 42434 77763 44902 
106 1
22510 
115 2
37116 99650 
131 4
79038 12261 83315 18709 
138 1
41469 
169 4
96727 7072 35107 32267 
171 3
22510 29655 17880 
172 4
7481 64658 56984 62548 
173 1
7481 
215 2
74214 48946 
236 2
17983 84835 
264 10
30769 77738 39973 73775 44167 84637 35444 6580 45717 18369 
269 3
22580 8930 29259 
279 2
94267 62860 
286 2
20438 27656 
294 3
78361 30769 14100 
337 3
44902 70371 10284 
340 2
64658 67555 
342 2
71846 50523 
355 2
80191 28809 
363 2
12421 15755 
367 1
74214 
368 1
49538 
372 1
9591 
413 2
96727 71844 
422 1
82801 
432 3
56286 9441 72715 
438 3
8602 79315 50047 
448 1
6093 
467 7
52583 30262 9441 96897 40929 3313 37925 
468 2
71970 86227 
470 1
41469 
487 2
7292 35107 
499 8
6970 50592 25170 90797 39496 34541 10108 56286 
524 2
25592 47842 
527 2
42126 2407 
529 2
84835 2500 
538 4
70381 31074 59703 65856 
542 3
94965 45358 32003 
551 4
1177 6580 38069 35107 
557 3
986 19369 18369 
558 4
52050 6973 84991 71630 
598 3
10108 42332 26092 
599 1
85809 
644 3
50394 73467 72752 
647 2
10108 81797 
658 2
32003 10108 
662 5
8351 85809 6093 7072 96284 
675 1
94965 
680 1
3066 
681 2
64075 24972 
689 2
56286 43297 
714 1
17983 
726 1
89917 
735 2
63100 40929 
756 1
86413 
768 1
85809 
775 3
12421 71844 34352 
789 3
86342 36651 59126 
810 1
6093 
817 1
6093 
824 2
72715 74985 
832 2
71589 41328 
839 2
83834 27656 
858 3
55326 4731 25592 
861 1
50394 
867 4
1734 35661 50592 56984 
870 3
7481 55913 9857 
888 3
80354 96613 34541 
892 1
6093 
916 1
53941 
918 1
37116 
938 3
42557 25685 50394 
946 6
39973 80354 47044 54810 38182 29655 
960 8
9441 4476 97495 74650 63263 25685 1177 94965 
991 1
67732 
999 1
38183 
19 2
27656 38880 
25 2
89805 35512 
40 2
42729 46583 
46 1
50317 
47 2
37367 8674 
57 7
65316 44402 91345 42332 40455 97495 45680 
95 2
97566 77895 
136 4
29259 2926 48946 22599 
159 1
37367 
183 3
62989 31074 65211 
226 1
27933 
238 1
47044 
280 1
70381 
282 2
52050 36490 
284 2
99567 34541 
296 4
6580 52465 96897 9069 
297 6
2407 41071 22260 7481 19265 13975 
298 3
52465 76197 8602 
303 1
38494 
305 1
23954 
348 2
37367 44167 
349 6
50047 87833 1970 63100 25170 27933 
351 3
9027 28604 25170 
357 1
45410 
361 2
86636 70381 
364 1
42729 
369 2
693 85336 
374 1
5683 
384 2
11917 59126 
404 2
77738 3951 
424 1
9441 
454 1
70371 
513 5
5610 34373 75179 56984 38677 
533 2
18369 38677 
579 2
80636 42126 
605 2
21671 4328 
613 3
3066 76166 19265 
615 2
29259 693 
616 3
80160 72752 10284 
627 2
65211 25355 
645 3
85964 92963 41289 
648 4
23922 3313 90797 71126 
673 2
31074 76166 
696 1
97495 
702 2
93968 92397 
704 1
27615 
712 1
72752 
721 1
89610 
723 3
44902 85982 82252 
731 1
36651 
816 3
48946 41071 35444 
846 1
37116 
860 1
96727 
899 3
86227 58636 52583 
907 3
93078 35107 72752 
909 2
93968 93817 
914 1
64075 
923 1
34373 
926 5
50047 62548 40061 58955 59703 
935 2
70381 90797 
937 1
48946 
947 1
24972 
956 3
23462 31819 1734 
957 1
80354 
994 3
43162 35319 38880 
1 2
78361 80092 
6 4
8602 71126 22510 84948 
8 4
80118 60041 51722 25355 
10 2
22599 70381 
50 1
65316 
73 3
29259 80160 79315 
89 1
69055 
110 1
3342 
111 1
51722 
119 2
79315 35197 
139 2
85336 59126 
141 2
73947 37116 
147 2
86413 20380 
162 1
81264 
165 4
39492 85336 85867 42800 
168 1
2500 
170 2
2846 90797 
180 2
22599 40061 
182 1
23954 
207 1
9027 
208 2
98633 85982 
211 6
22599 34608 98633 5325 50394 8024 
214 3
65316 49538 44902 
219 7
85925 13782 28683 77763 31633 81433 99650 
263 2
71126 73775 
274 2
54664 34608 
302 2
74650 52440 
308 2
386 63263 
347 2
22510 89497 
360 2
80118 35983 
376 1
85867 
382 2
89805 86920 
401 1
34373 
407 2
62860 63263 
420 2
986 79283 
425 7
42234 97495 84948 19369 34608 89603 27615 
427 1
75985 
436 1
9069 
449 4
17880 89917 77763 65211 
496 1
38494 
497 1
35983 
530 2
89805 65959 
532 3
89497 99650 53602 
537 1
4113 
564 4
40455 81433 75179 9069 
567 2
58955 89603 
574 1
80909 
578 1
28604 
580 6
593 39635 84991 86920 76197 63214 
590 1
22510 
591 4
89917 38069 45717 44167 
612 2
60041 85867 
619 1
77669 
636 6
7180 12261 63214 35661 6580 50592 
649 2
31074 63214 
657 2
90797 20380 
668 1
44902 
671 2
80191 35983 
684 1
2500 
699 1
37925 
722 1
52583 
752 1
58955 
769 1
15755 
770 1
94965 
776 2
3066 67463 
804 1
26528 
806 1
46583 
819 1
8351 
827 4
52050 1970 85809 75179 
833 1
85336 
866 4
5683 96727 2797 85867 
873 1
31633 
968 1
89805 
982 6
27615 34373 40929 22599 91865 80650 
12 5
82252 45358 25170 60041 2797 
16 1
32003 
26 1
85368 
28 5
31074 86920 59126 2407 62436 
34 1
69055 
42 2
46257 9857 
74 1
99567 
75 5
80636 84948 92730 75985 34505 
84 2
92963 54664 
103 2
2885 31633 
127 3
9069 39198 80160 
130 4
44167 38069 56286 86413 
134 1
19265 
156 1
84835 
181 1
3342 
188 1
21671 
225 2
71846 86227 
227 3
6600 27933 92730 
253 3
71970 13782 12749 
306 1
34541 
311 1
30623 
330 5
6093 32003 18369 73947 47842 
338 2
30262 6600 
354 3
40061 2846 94267 
370 1
47044 
398 2
80636 31819 
405 1
92730 
412 2
39492 38677 
417 5
92380 62989 96727 41060 44616 
444 1
71589 
452 4
86636 67516 693 83315 
460 5
22599 55913 85982 986 37116 
469 1
11917 
474 2
92397 44402 
481 2
89917 13975 
489 6
85982 53602 45410 79038 71630 9069 
490 1
37925 
523 3
64691 2500 76197 
545 4
27933 35107 8930 42234 
546 1
75179 
548 1
42557 
593 1
52465 
705 4
77738 42234 6600 43658 
706 3
7481 12261 70381 
711 1
2500 
734 4
38494 34373 27998 62436 
745 1
50872 
747 5
4328 76197 85809 39496 38494 
748 2
86227 86242 
751 2
61524 99650 
777 5
4476 27863 14769 55913 42800 
781 2
28604 34541 
783 1
4476 
784 1
28683 
799 1
96360 
818 1
19369 
855 1
84835 
857 2
87332 70381 
872 2
19369 10108 
876 1
83315 
881 1
2846 
890 2
22599 36490 
910 4
60041 4328 60944 52465 
913 1
43162 
922 4
54810 83655 90797 34373 
943 3
50618 45717 37925 
945 3
27863 22599 99650 
967 2
73153 52906 
974 4
80354 27863 28809 92730 
986 1
42557 
22 1
9591 
24 1
33315 
67 3
63263 6970 59703 
93 1
93968 
153 2
42434 34373 
193 1
86242 
196 5
65856 87833 80636 48125 77763 
206 3
69055 75985 52583 
223 3
5610 79283 42126 
228 1
37567 
235 2
6970 79315 
250 2
73153 13975 
259 4
41469 31470 80118 25170 
277 7
83832 60041 6580 91648 79283 11917 693 
319 1
10284 
321 1
82801 
326 1
54633 
345 2
28809 3342 
378 3
39496 38183 98633 
385 3
28683 27615 98633 
414 10
39492 96360 62548 49247 96284 4328 6580 73775 62860 77738 
418 2
65316 31633 
419 4
34541 75458 32237 60979 
421 5
12286 27863 59126 80118 54810 
429 3
60041 74214 52090 
441 3
71381 81433 3313 
442 1
78361 
458 1
42434 
464 4
29655 36490 42332 52090 
518 1
64691 
526 2
28322 85982 
544 3
70381 96284 30475 
547 3
63100 84637 38677 
549 2
30623 12749 
553 5
18369 2407 74985 52465 15755 
559 1
44902 
618 6
42126 67516 84637 83315 46257 1734 
637 1
10108 
641 4
65211 53941 41469 31074 
660 1
11007 
663 1
93442 
698 8
62989 65959 71126 96897 71844 20438 85982 62436 
701 1
85964 
713 3
12749 5683 54633 
719 5
53602 93078 42332 74784 43162 
730 6
95567 70371 41469 94267 36490 44616 
741 1
40455 
742 2
8024 73947 
744 4
44167 50317 67732 41060 
754 1
66827 
758 1
56271 
763 1
17983 
796 1
4328 
811 2
13975 94965 
842 5
12261 48814 56271 7180 7481 
843 5
81433 10284 58636 37567 17983 
851 1
39492 
875 1
7481 
879 1
12261 
880 2
31074 17983 
884 2
14100 35661 
929 1
80354 
930 2
38183 386 
934 2
11007 17983 
941 3
81264 32003 12421 
951 1
43162 
953 3
38677 47842 79315 
964 4
5683 25592 85336 45717 
981 4
71381 9857 40929 70381 
989 1
42126 
997 3
6093 86636 63100 
