877
210 803
15678 5031 29065 10973 93986 86630 93892 61518 29372 1130 33685 58014 14905 72890 55261 54079 50632 23603 20041 85906 71483 11089 94528 69085 80119 75468 84463 53458 94943 54622 37259 16054 8172 23624 85130 41632 68966 27501 42403 52624 18355 488 32777 41330 52895 33106 17708 80210 45340 43386 500 3364 10870 25556 61492 33571 67774 37954 31623 65286 30945 92815 37540 8376 85182 83078 18976 22579 51248 30514 30799 87134 65584 72504 69508 72783 26647 45704 37894 11548 13715 80017 54707 94358 44324 42411 18824 17265 48535 21968 53296 99163 51781 71577 37262 59268 36816 81507 95402 91954 2246 62698 93618 95176 39858 97196 55124 10836 51509 32384 19222 63673 48179 59652 83374 78806 5137 66157 95381 27854 30822 55699 78093 90268 75197 87720 38888 86499 59467 42937 30742 84563 6643 42235 91000 28525 18185 5347 58697 85663 43451 95230 85520 69971 48292 69597 61388 90503 37845 63045 23834 1699 89447 1341 86033 75302 86274 62388 83642 4941 96064 76532 56256 96650 37465 51624 17783 93248 58530 56987 26182 76717 749 56812 42733 96774 6094 44523 99071 79406 13379 28357 3013 4861 201 30075 98722 14724 46722 61133 38631 62270 99265 97695 7698 62456 17197 27280 75928 86382 88968 92074 9133 65419 43733 86128 65714 23928 4894 47888 61144 74452 9960 29122 26419 56609 49035 59825 21902 78622 82886 49402 13089 97314 66185 36824 71650 42624 33176 11532 42227 25887 63549 64493 98490 54902 66523 121 11634 84593 29633 86092 44999 31210 90895 5738 35786 54066 81056 70269 81532 42137 95518 92978 59329 50788 2618 66720 65315 96495 49752 88572 23213 74545 25598 92464 83345 20807 77759 74776 62976 89961 39042 45747 40806 34837 46747 75684 84767 29571 13598 31643 95638 4210 98060 48840 11408 53125 89982 78080 15038 80730 91363 81548 39073 26753 61610 7632 93773 23002 66891 94651 66133 31702 20744 43732 96284 19161 43315 79269 79974 2552 90910 20730 12617 97897 8287 82769 72178 46591 22064 54595 91386 99757 18649 79331 26718 81913 76641 5101 35533 72103 91262 44873 20163 9110 13220 40201 84158 73469 98629 17193 92573 99034 11680 72973 36350 11676 73126 98760 9785 58989 54770 38698 28799 45412 19902 23853 82253 72312 92235 96410 65071 24276 18578 16421 21248 68327 15072 50338 93457 29004 92636 65616 91086 10855 58653 15876 23125 25291 95184 14156 27894 54540 43342 5883 14332 40230 18907 10940 36066 82339 87332 94034 72035 60190 58336 28143 86428 18516 39272 744 44640 15527 54268 98657 60954 54724 10766 19570 14256 27601 94827 13066 55846 60661 35848 44384 4105 91568 67210 2260 76048 37676 76057 43003 27856 86409 42316 61373 28747 66997 48805 91630 60823 9445 15429 71680 66235 12763 49685 21329 24394 74911 7921 65952 58626 64927 44476 84242 33177 96910 89862 98419 65519 37335 91147 35447 25860 35530 72647 71142 60642 46493 17115 85280 94120 3918 77389 71738 89742 64513 60578 55777 18921 46707 66931 34323 68516 10551 15708 45369 46809 29168 99356 82849 94340 93178 47706 10746 16326 45521 91480 81534 39844 37363 66322 8561 83578 84378 7952 904 21217 95581 46774 18063 69242 24618 60606 5594 63730 58998 8249 10729 8217 58120 7198 60749 32426 58017 343 4822 81102 36141 34620 2922 52433 85738 53327 43492 95300 19753 57512 27254 67800 95564 21069 55035 24824 47094 24962 96161 21737 9829 81356 34886 45593 99035 88411 91699 48047 45187 69501 80945 53155 98655 18191 89394 62155 62235 66001 24426 88283 27554 60588 61703 38190 57296 77105 67888 14553 31155 95900 71814 22436 67071 74768 67899 33540 93051 76710 12026 97817 20446 30858 28829 95648 16380 70396 94497 71368 21225 92853 61452 61450 61847 84737 93428 78913 16681 84867 23873 36075 84903 92 97286 93642 73897 79976 92115 25663 44139 60008 30430 97688 50251 25295 17220 54140 84060 42829 4362 93232 89771 62482 47823 18219 204 71983 51803 50558 3997 85929 97406 72148 69725 20831 24228 83175 83485 79597 13492 17791 77215 71674 66280 80183 44858 84518 58850 85847 12898 4126 23604 94103 45406 46431 80384 81435 77067 9034 11842 29045 98363 40923 20226 72914 57837 92233 78776 85413 94949 41057 61011 81369 18465 88697 61538 69819 33570 9818 10154 54656 57258 6088 80658 70893 48335 84503 22134 26677 35342 53634 67019 43415 39734 20923 9190 22463 83173 50083 1931 1185 30606 38785 42575 66513 69779 49964 84308 55665 30654 93139 78540 21384 84179 455 34839 44811 70559 48624 30524 31084 33530 54080 53330 6290 10027 14925 1258 16595 97859 29049 72298 67175 75651 3195 94352 26861 37063 26615 72048 87111 48758 46877 62116 53303 8473 50191 51640 89927 80175 68703 52479 33912 35139 64569 6257 58342 9177 49057 96359 75995 63477 4324 90580 99117 100 72021 53139 98468 10868 63024 20108 87579 18098 84861 89346 779 31890 2764 70052 24478 72356 38691 70553 52469 93853 47067 61287 58678 30756 72128 93936 97235 19363 24776 8402 93316 37323 37038 72930 60500 
112 3
17708 66001 18516 
114 1
7698 
127 1
18976 
193 2
93773 92074 
204 9
18907 50083 96284 92815 45521 19902 20807 42829 46707 
960 1
62456 
21 4
85906 58653 13598 30524 
454 8
8287 60749 77759 71983 33530 84503 22579 83078 
610 1
86382 
624 5
61144 68327 3364 58850 70559 
12 1
10766 
15 2
88411 44384 
125 1
72890 
345 2
85130 70269 
694 8
61492 92233 25663 50558 72048 88283 66280 97314 
847 7
99265 80658 92115 29045 60578 80384 96495 
330 2
70893 44139 
369 9
91262 69085 16595 80183 2246 31623 74545 48805 10746 
595 7
41632 76532 63549 93618 94949 7698 23213 
208 3
76710 82253 75197 
623 2
77105 50788 
455 1
80119 
732 6
65584 3997 76717 46774 53634 66133 
288 4
83175 9829 15038 46877 
312 4
19161 86128 84861 53296 
399 4
2246 52479 86499 60588 
618 7
25295 43315 46774 12763 54656 71142 94103 
965 1
53458 
719 6
77105 30075 18465 61287 93642 61847 
209 8
92853 18516 97406 65419 99757 66157 36075 93051 
743 2
89394 61847 
828 7
72021 85847 54540 61373 27501 72035 54066 
902 7
44811 31702 39734 20163 65419 54656 87134 
108 5
97695 79331 81548 80730 27554 
221 4
26419 33540 2246 23603 
563 5
54080 96650 45340 70559 10868 
274 1
82886 
457 7
53125 18649 94352 46707 16326 25887 17220 
573 4
93051 44384 9034 26753 
774 11
91630 59652 60588 54656 54066 68516 46722 2260 19753 6094 95648 
898 1
42235 
901 7
343 18219 2260 8249 41057 57512 49057 
261 5
97406 42411 8172 18921 79406 
604 4
63024 5137 95402 18649 
891 1
49685 
49 1
61518 
66 4
92233 39272 73469 46707 
422 6
55777 82849 62116 18098 67071 65584 
515 8
81548 54770 36816 74768 71142 13715 19570 18649 
541 4
79269 1130 53330 32384 
201 7
62270 35139 24276 74911 70559 93428 99035 
219 5
58678 80658 11532 37540 58336 
622 12
29372 71814 67175 29065 80183 15876 46722 18921 16380 88283 44640 19902 
923 3
24618 81913 81507 
31 6
2552 26718 93618 30822 59652 41057 
247 11
18191 49402 89447 45747 8287 10154 65616 73469 95184 54656 31210 
319 9
201 20163 83175 28357 94120 2552 10836 95184 60749 
390 7
28747 24962 99356 19753 8287 29045 72914 
50 1
18219 
147 7
49685 23624 29045 10836 69085 93139 63730 
400 5
48840 81056 59268 93642 38698 
672 9
8287 18063 87111 42403 46877 66523 96284 204 21968 
242 7
24618 66891 61610 779 84179 97406 27601 
517 7
779 9190 24228 88411 37894 18098 62116 
75 7
96650 27601 3997 85280 25556 85182 20807 
128 7
52895 66235 54140 54622 86409 72890 75468 
273 7
17783 82769 48292 15527 69242 18649 71983 
428 2
72930 13089 
869 3
84767 54770 59652 
881 3
61450 17193 61144 
43 7
12026 72128 47094 71577 81548 74776 44640 
262 8
91630 89771 24824 97688 70269 7198 32426 37954 
655 1
89927 
987 5
43732 18907 20108 12026 29372 
130 2
51803 67888 
255 3
51509 44999 78622 
506 2
27601 93853 
547 4
63477 75197 84308 64569 
819 6
15038 67175 58014 4861 72178 29065 
527 7
3195 40230 20108 5101 63730 79269 29004 
928 6
41057 33571 14724 83374 14553 96359 
81 8
60749 81534 64493 2764 21384 66157 84518 99034 
230 8
33912 42227 41632 50558 17265 34620 95564 40923 
343 2
37259 15527 
438 10
94358 85520 45593 26615 85280 73126 29633 56812 27856 14925 
692 5
12026 55846 91568 49685 13598 
927 4
65714 92815 54622 21329 
57 3
25556 8473 83173 
113 6
76641 48292 42624 87332 1341 98657 
137 7
21225 28799 75651 23873 27554 95581 14553 
146 1
18976 
415 7
71368 20730 61703 23873 50788 72021 95381 
440 1
2552 
497 11
10551 99034 19363 51803 59467 71814 93428 95638 60954 13379 62270 
106 8
92235 64513 66157 92815 94497 68327 32384 55846 
194 6
76710 9785 40201 85280 66891 43492 
663 5
98060 80210 51624 44999 78540 
839 6
27894 45593 58678 53458 53139 4126 
18 2
66280 13066 
320 1
93642 
564 1
27601 
829 2
9785 85929 
957 1
77759 
281 6
61133 44324 59652 85130 24962 44640 
387 8
88968 54622 41057 9818 87579 13492 10855 26753 
723 5
25598 81369 94120 50632 37063 
789 7
96161 30742 21902 47888 5347 83173 84503 
813 4
37465 60749 15708 15038 
364 1
6088 
142 8
66133 7921 36824 45406 18516 68966 46707 24394 
352 5
66322 18098 96910 16681 85663 
300 1
61847 
859 2
100 81548 
256 2
50251 91086 
423 1
79406 
503 6
81356 92 52624 97235 56609 75197 
540 4
10746 95176 72890 75651 
808 2
87579 46877 
24 1
55846 
78 6
81913 93316 26861 39073 3918 20041 
211 8
71814 78622 4210 24618 91568 31623 85906 51803 
500 3
14256 10766 50558 
724 4
33177 4324 27856 41057 
166 5
91954 60190 42137 3364 51803 
188 9
40201 80017 904 42235 44476 86092 45521 95518 92978 
366 1
84463 
385 10
11548 29372 44640 66157 65419 92815 11634 25291 9818 84242 
584 7
95402 41632 2246 5137 51640 26182 97286 
993 6
43732 73126 59329 43342 23002 49685 
380 2
71814 49964 
481 8
53125 37363 85520 92074 22463 66720 84867 6257 
86 7
37465 43451 95402 81532 27894 35848 28799 
35 5
72930 36075 44476 11548 16681 
214 3
63673 91386 55261 
370 3
69725 33106 93248 
646 4
11089 65286 55124 63045 
893 7
46774 51640 80384 47067 97286 70269 53458 
939 8
29122 43003 10868 92636 30524 35530 5101 93051 
16 5
93936 85280 94497 48292 96410 
880 6
18355 17193 62388 35342 33176 39734 
949 3
67800 99034 55035 
99 4
24478 46722 66513 33177 
449 4
92233 5883 70396 30742 
952 13
26615 16054 42227 57512 455 80384 78080 94949 2764 92 20226 14905 43003 
44 4
86630 58342 63024 33685 
258 10
24824 85182 55261 15038 42624 36066 64493 88968 84308 99356 
156 7
48535 60954 80730 83173 35447 94120 83578 
259 5
80384 14256 59467 25295 48840 
420 5
89982 44476 43003 55035 67800 
508 5
31084 18465 38888 88572 66157 
888 4
40806 18355 72504 5594 
938 8
18578 33685 93051 66523 67888 48758 28829 45340 
37 5
58530 7198 78913 55124 86128 
252 2
7952 16326 
730 4
97695 17115 65584 66891 
954 1
87720 
970 7
69242 9190 71680 65315 89447 5031 73897 
23 7
10973 69779 55035 24824 94352 30654 86409 
649 4
85663 8217 4210 48624 
944 7
9190 43315 51781 744 11634 45593 20226 
983 3
59825 39734 65519 
20 3
75302 86630 81507 
120 2
84463 59652 
895 9
33571 65952 10940 84463 10855 31210 17193 33570 30822 
897 4
9190 60606 52433 40923 
59 6
9818 2260 53330 63045 65616 46431 
126 4
48535 18098 75928 30822 
216 1
52469 
445 9
34620 4105 13715 36075 12026 25556 84179 65286 69242 
691 7
38888 85182 70396 16054 66280 65419 1258 
26 3
92815 19902 91363 
561 5
25887 98060 99071 80945 25663 
815 2
40806 59268 
969 10
92 38698 67175 23853 67888 20807 71483 61610 54595 55124 
414 3
49685 60008 84867 
745 7
42575 53458 92815 84308 94120 21737 26861 
794 3
44384 20831 72914 
795 6
28143 93642 74776 63045 64513 42575 
105 6
68327 13066 1699 71738 87332 72914 
502 7
66322 95518 93853 44999 80945 87332 76057 
701 2
13089 15876 
885 2
50083 85906 
11 5
84463 67019 10940 6643 95230 
596 4
55124 91954 81056 72035 
948 9
42829 85520 21968 23604 9034 91086 53330 82769 99163 
1 12
97196 79597 84179 82886 69597 10940 77389 79269 30075 66997 29571 72973 
725 2
82849 58530 
823 4
3195 91363 55124 27254 
425 11
22064 488 93853 74911 61133 49057 32426 91000 86274 2764 98468 
304 3
60008 47067 87111 
344 6
81534 43003 23624 48292 81507 78540 
665 6
19222 49402 80945 86382 43342 50251 
973 1
7952 
628 4
17220 86428 60823 33571 
630 2
39073 77215 
634 4
84308 26615 81056 2922 
666 1
35447 
94 4
91000 36066 41632 42624 
468 8
84861 2922 33570 749 57296 53296 44523 45406 
685 1
78776 
937 3
72298 9110 54066 
599 1
11842 
741 5
7632 84518 39858 488 70553 
837 7
121 67899 37335 45187 41057 97817 50251 
865 6
28357 9133 60008 8217 71142 10746 
917 1
28799 
51 10
97688 60588 92464 53155 24618 37363 20226 58014 53458 66235 
98 11
74545 72356 46774 10855 50632 8249 66513 72783 52624 33570 71983 
392 4
46493 65315 94340 92636 
772 2
39844 29633 
217 5
33176 84308 69779 74452 72914 
308 3
84518 89927 56609 
830 4
37335 48535 53155 66185 
62 5
62270 67019 49685 65286 24962 
290 3
24228 75995 61847 
467 8
20730 455 26647 85130 18578 72178 9133 30858 
681 4
86382 62116 72356 92074 
32 5
21329 80183 71650 35848 58998 
608 5
50338 3013 99034 35342 61492 
706 8
55665 25887 91568 62456 51248 58626 27554 13220 
764 8
49685 87579 91086 90895 48047 62155 50338 38698 
411 2
68966 23834 
664 8
23604 20446 92464 64927 8172 68703 69597 35786 
30 4
56987 84563 44811 51781 
354 3
904 48805 67888 
550 3
2552 32777 67899 
686 3
7198 92464 98629 
934 4
83642 40230 10154 57296 
979 10
8402 73469 58989 70269 20446 61518 83078 343 13379 91568 
417 1
61133 
436 6
45412 23928 75928 76710 52433 70269 
499 4
40923 10855 24394 4210 
513 4
71814 8376 27894 9177 
838 3
27501 93428 8561 
875 3
7198 16326 65419 
310 4
48292 97688 9829 46493 
341 3
82849 84463 52433 
909 4
96910 55124 54540 87111 
961 1
79331 
307 2
37363 86409 
476 1
30654 
739 9
62270 23125 58989 44811 40230 10973 67899 91262 26182 
186 2
20446 18976 
332 2
18355 42227 
578 8
23624 44523 23928 37845 81102 6094 27601 17193 
657 3
95518 59268 90910 
152 4
78806 54902 85130 91480 
710 4
48335 37323 16595 67899 
136 5
85520 66513 29633 37676 72103 
373 4
18921 84563 78806 16681 
569 5
61287 21968 51640 84179 98629 
950 5
42235 23603 30822 121 35342 
570 12
72178 72048 80730 28747 47706 7632 43451 44476 95564 95184 43733 18976 
941 13
67774 6094 94358 27601 42137 93936 78913 15527 91699 22579 66523 69242 25598 
69 6
78806 26753 51624 62116 64493 69242 
566 8
1931 25556 56987 53155 94103 39073 93248 35848 
759 2
52895 62116 
814 2
82886 27501 
862 5
54140 25295 66523 84242 58989 
926 2
89394 44873 
60 3
71142 22064 2260 
614 3
84563 66001 91699 
870 3
94358 62482 30756 
995 3
91954 94497 23002 
433 2
81507 28143 
475 3
8287 34620 12026 
703 1
67019 
752 2
83374 49752 
226 4
22579 60954 75928 41632 
551 3
65584 49035 15678 
615 7
93892 93248 74768 79974 11676 36816 14256 
636 5
80945 92115 23604 35139 75197 
919 4
27501 93936 89982 93773 
0 7
9818 85280 70269 75995 78622 44384 76048 
314 1
66997 
522 4
66931 97897 87111 79406 
892 2
97406 80384 
41 1
39734 
197 6
80658 71368 84060 33570 37540 29372 
470 3
20730 61144 86128 
253 1
37676 
254 1
54622 
419 4
94827 65419 50191 67888 
559 2
97817 13220 
589 5
26647 94103 93232 59652 96495 
816 6
84518 98657 60954 28143 44999 74911 
463 8
18355 58989 204 71814 24824 69971 1699 88572 
545 6
93892 37038 39073 76641 28357 4324 
629 3
23604 31702 14905 
806 5
5101 65519 80175 23873 58998 
906 4
10729 72035 49752 93892 
971 6
27856 57837 56256 33912 25291 29004 
68 1
83374 
287 4
95402 53296 64493 8402 
647 2
488 69971 
34 6
89346 59329 29633 94497 92115 66185 
143 2
57837 72148 
524 10
59825 99035 85906 33571 61144 61452 66157 13598 34839 7198 
687 7
35786 76057 16326 84737 84593 47067 4822 
206 3
96495 97897 44811 
738 2
97817 93178 
248 2
44523 25291 
367 3
72504 33571 85520 
652 11
90895 79406 8172 94340 2922 65315 61538 60008 39844 57512 95184 
88 1
39272 
809 2
94358 62388 
58 4
9110 11676 95300 5347 
168 3
85520 13492 54080 
430 5
84179 69501 73126 62976 22134 
585 4
72148 33176 98722 81532 
781 4
20807 24962 67800 20831 
145 4
72178 85738 99163 99117 
159 7
90580 64493 11634 93618 58014 82339 55777 
381 7
42403 72178 61287 43415 86630 54540 4210 
92 7
22579 40201 94034 14905 60823 10940 94352 
680 4
52433 24394 29065 54140 
150 8
85847 204 20226 82253 92235 89961 33177 18649 
179 4
21329 34323 60606 70559 
397 3
31210 52895 8287 
675 3
47094 82339 70553 
178 1
95638 
621 7
96650 81356 37363 37954 17193 37845 30756 
700 12
97688 90503 52469 30799 20226 93892 10766 44811 19161 13379 92115 36075 
708 3
68516 81534 23928 
198 6
54707 77105 32384 49685 28747 93618 
695 1
80119 
718 6
10729 10855 10766 85130 35848 9034 
376 3
9133 80017 37063 
717 3
24776 80210 96774 
71 4
93618 71577 28143 32777 
244 9
61373 2764 45593 96410 58014 92233 30799 95230 56609 
756 1
60954 
174 8
55777 85663 71483 82849 68703 86409 38691 66997 
295 4
55665 42137 54622 62155 
404 3
45340 96161 53327 
602 9
15876 43415 59825 10746 44858 97817 42403 4822 74545 
658 3
58998 83173 37954 
742 4
76048 23834 86499 38888 
103 1
67175 
189 4
65616 83173 95176 62976 
269 3
70559 19161 95184 
350 11
48335 98363 25887 94358 48840 61610 21069 88411 65286 66322 84179 
720 2
94651 42403 
40 8
82339 50191 11089 6088 84767 96064 53330 37465 
138 12
11680 15708 83578 85520 33570 37676 204 72312 98419 68516 78080 45704 
810 4
10836 17193 46722 33530 
285 2
7632 66931 
365 16
100 1185 44324 83485 88572 42227 24426 89394 39042 93457 45406 70052 61518 30514 53458 75995 
426 1
29122 
507 7
2922 82339 15876 49057 70269 92074 54595 
771 6
89742 46774 94528 40201 89961 19161 
434 5
67774 79976 24962 18824 2618 
529 6
84060 78806 33912 97695 81548 19222 
539 2
23002 57258 
121 2
85929 84593 
187 3
48179 62235 57512 
678 5
81548 50191 61703 72021 69242 
205 1
66235 
266 9
96064 53458 11634 20041 20923 98363 13220 18465 84158 
270 6
73897 56609 6643 55261 16326 96774 
296 8
45593 23928 86033 19902 66523 45406 25291 69597 
674 3
42411 65519 10766 
677 9
55035 51640 54540 5031 78093 70893 72930 54080 64493 
709 1
97196 
825 6
53139 201 78913 91147 55777 19753 
879 3
95176 91954 12763 
910 6
81369 121 64569 91086 25860 24276 
280 3
78806 51781 15678 
519 4
97406 65952 53296 15429 
712 10
87579 9133 80658 7632 61133 60823 10868 30742 94497 28799 
974 3
28525 92115 47094 
228 4
7198 54080 90910 99117 
351 3
121 35530 22436 
747 2
4822 25860 
873 8
63673 18516 41330 26677 39844 57296 57512 69725 
72 6
21248 90580 62976 68516 61610 72973 
154 4
82886 54066 66157 26419 
388 5
15527 14925 72890 64493 53296 
554 2
62116 38785 
822 4
5347 30075 44476 89862 
54 1
67899 
617 3
13066 8217 16326 
767 2
76532 63045 
856 4
91568 30430 97817 46707 
924 1
20923 
966 10
21737 15429 37465 20041 92853 24276 5101 85130 3918 23853 
485 4
72178 94497 1699 6643 
183 2
7698 85520 
184 3
72356 80658 91363 
237 7
44324 58014 37894 8249 42411 61538 71674 
371 4
86382 76057 37894 20807 
486 7
20108 37894 66322 91568 57512 12898 48758 
227 10
5594 27501 75684 46493 6290 90895 16595 69501 48758 87720 
834 13
89961 80119 60954 58014 44139 46493 65714 44324 33570 91262 61847 63024 7921 
48 6
24394 11676 38698 71814 42403 60823 
144 15
98760 39858 21384 21217 91480 67071 95581 80945 90580 35848 72298 38698 94103 43732 54066 
402 6
8376 46722 72890 99071 98629 38698 
587 1
44523 
368 11
19222 1341 61144 37323 97235 6094 30945 39734 20163 90503 7632 
804 1
93936 
148 5
29633 20163 37262 36066 52433 
982 9
35447 72035 89771 25295 26677 84593 82253 11548 92 
487 5
61388 24228 93892 22064 97688 
827 3
66133 86382 56256 
263 5
74911 63730 30430 59467 69725 
363 5
4822 50788 25663 35447 36075 
424 1
91699 
501 2
22134 6257 
633 2
94358 70269 
751 9
69779 66720 29633 58678 69085 89927 51781 61373 54770 
956 6
19222 97897 28829 57512 23873 81534 
3 3
52433 81056 10551 
25 3
72148 23125 49685 
36 8
59329 53155 36066 18824 15708 81534 62388 5101 
56 2
50632 53125 
315 4
84158 26753 58653 42624 
737 1
30858 
883 4
90910 88697 1699 98419 
899 2
95402 58336 
418 4
50558 42411 81534 12763 
653 6
66720 46774 74545 21737 72914 67888 
716 2
98363 29633 
762 1
72178 
272 1
34323 
757 2
95381 61388 
427 5
16421 74545 20831 52895 98722 
581 6
21069 71577 58850 5101 25598 93642 
38 11
9190 42937 54140 92235 86274 92978 72973 93316 50788 92115 58653 
359 8
53330 58120 68703 26182 44523 72021 28747 52433 
452 7
71983 93986 82253 82339 54770 72103 17708 
52 6
54770 36824 4126 62235 45521 61538 
821 5
72035 89742 97897 89961 26647 
10 9
68966 92233 58017 23002 5031 83078 12763 82769 56987 
83 7
42137 41330 23624 89394 85280 79974 7632 
495 4
23873 5883 59329 35447 
639 5
78540 24824 95381 97235 8561 
654 8
77389 34839 98629 39844 72035 20730 69971 71738 
805 3
79269 8217 93051 
904 10
26182 93457 95564 49057 21384 39734 91363 39858 2618 98490 
151 6
61538 56987 42227 80183 12617 66523 
339 2
26753 98657 
441 10
37676 46809 85906 8287 89927 18921 95184 17791 64927 75197 
129 9
8217 72783 58850 10729 29372 30430 27854 87134 23125 
555 7
19161 92 71814 88411 72504 94120 39844 
916 5
36816 72930 73897 23834 92636 
334 3
93853 78913 85847 
453 6
8561 14256 99035 80945 61492 15708 
722 5
63045 18465 95381 66185 28799 
896 2
18185 55777 
229 5
94352 39042 45521 60500 34620 
728 3
27856 76717 19753 
464 3
46774 35786 13089 
605 4
27601 23213 17115 89927 
826 3
31210 8287 9133 
872 2
57512 41330 
122 4
100 70269 69085 81507 
240 1
343 
349 5
23853 41330 38888 94120 54540 
620 3
99034 30742 84308 
212 2
65286 6290 
224 4
9445 64569 42411 55035 
598 7
7698 91954 42137 93248 84593 84903 54079 
690 9
55777 18921 4822 27856 62235 99265 24426 13089 10154 
953 5
48292 60588 7198 89927 18185 
435 2
46877 66513 
779 5
96161 71674 54595 33540 81548 
855 3
25860 25887 43342 
311 1
84867 
576 1
50251 
799 8
5347 65519 79331 47888 66720 48292 30858 62698 
175 2
3364 42316 
447 14
97859 46707 46774 9133 14332 48624 75197 19161 26861 90895 91386 42235 18355 51624 
705 1
54622 
962 1
87134 
325 4
89771 55035 69501 55665 
512 1
9829 
660 10
9034 95564 28525 90910 97406 93642 71738 30654 78622 4894 
329 5
53458 37465 94340 93986 91630 
688 4
66322 83345 27254 89862 
835 6
93642 66997 25860 81532 66001 24478 
852 3
18976 83642 76710 
493 11
58530 79331 87332 66931 22436 85413 5594 99163 71738 25598 17220 
867 1
30524 
911 8
72312 16681 21248 18219 69779 24618 97196 83175 
920 1
26647 
361 2
72356 46431 
959 3
35848 83175 91699 
167 4
69819 30430 99356 26182 
356 2
47067 61287 
505 2
84378 66157 
850 7
84308 97314 58530 32384 65519 55846 10836 
947 10
90895 49035 69971 98629 86409 25887 8287 15429 16380 61133 
164 2
9133 29122 
395 2
40806 26615 
984 8
98490 78913 77215 84593 54622 70269 82849 14553 
518 7
81548 99071 84308 85847 84378 43492 93642 
190 3
71368 51509 64513 
232 3
93773 21217 38631 
591 7
779 94358 95518 93936 43315 11634 89927 
612 2
31890 60954 
662 6
93457 79976 21225 37335 5883 60606 
753 5
31210 26419 50191 61847 90268 
871 2
31084 72021 
5 6
47823 80183 79331 61011 12763 48758 
413 8
84179 2922 44858 14724 91262 68703 56256 4941 
491 7
61703 94103 26677 24228 44640 51509 97196 
93 6
10551 9829 66001 26677 5594 78540 
535 1
82253 
84 11
89346 57258 62456 31623 11680 58697 39272 11408 91480 57837 42937 
483 3
10027 78806 55035 
76 2
44523 40230 
583 9
73126 86382 72930 58342 56609 39073 77105 46809 33176 
640 6
18824 52895 84378 99356 53458 65286 
763 7
84867 81913 58017 63024 53296 85280 12617 
884 5
85413 25887 80183 4941 12898 
225 8
72647 55699 30799 61388 62388 45406 1130 84060 
800 7
32426 69508 27894 42137 14925 75197 15876 
820 2
42624 55035 
963 4
18824 67019 37540 84378 
47 5
57258 6290 96064 66157 37259 
161 3
59825 21384 71483 
673 4
9445 55699 25860 779 
73 4
94352 904 84737 64493 
765 5
72356 12026 31084 61287 10729 
905 5
36816 33685 65952 90503 89742 
90 4
18921 488 48840 93248 
817 8
42733 48535 57258 749 13598 85413 66997 82253 
333 2
11842 99265 
943 7
19363 8217 86033 45340 76641 32426 84463 
991 1
22064 
53 9
69501 58120 36066 93986 24276 2764 20108 88697 17220 
119 1
72103 
133 2
26718 67019 
176 7
83078 89346 68327 79331 87720 57258 42227 
562 5
44324 44384 92464 91086 80175 
958 2
55665 21968 
967 4
93051 49752 19753 15429 
245 2
500 6290 
437 6
98363 49964 98419 47706 16681 11532 
191 7
69971 54724 96774 21737 77067 86092 70052 
478 5
48047 24394 86428 44523 92573 
195 1
18355 
215 1
3195 
533 8
81913 30799 62976 81369 23603 25556 64569 34620 
572 4
91147 39073 69242 46747 
699 8
98722 93457 21329 38785 14332 1130 66720 76532 
964 6
49964 23853 95900 61847 92115 68703 
238 1
84179 
322 4
2922 43386 17220 3918 
372 3
18976 91699 37954 
698 5
30858 71674 88411 94340 69501 
907 2
71738 96410 
6 2
12763 26677 
45 3
92115 27854 56256 
357 6
92636 64927 88572 66513 86033 89862 
375 3
42733 47888 8402 
405 8
9960 76048 55035 87720 37465 59329 4894 96910 
778 3
61388 92573 98629 
606 3
84861 71674 82339 
465 1
11532 
761 6
5137 98468 69501 10870 78540 97817 
801 1
66280 
33 6
62235 71738 48624 86033 50191 35533 
162 4
45340 86630 16326 63673 
735 1
69725 
887 5
86092 13066 44858 31643 45521 
930 9
75302 21248 2764 97406 18355 56609 23873 30430 73126 
302 2
48292 48179 
985 7
42624 50558 83175 20163 94103 45704 56609 
556 5
97235 26861 17791 72783 75995 
601 1
20730 
992 5
68966 1931 46809 22436 61492 
135 1
2260 
790 6
18098 16421 58653 55665 79269 93853 
999 5
28747 30514 54902 61450 14905 
91 2
61518 45412 
213 1
96284 
8 9
55777 19902 25556 89771 94103 62482 33540 18516 3364 
192 2
27554 52433 
410 5
42235 88283 44811 64927 51640 
271 3
62235 62270 11548 
360 1
75468 
638 2
61610 31084 
693 1
19363 
925 2
14905 18824 
116 3
65584 15678 36816 
627 5
53155 55261 31084 95184 3997 
780 3
83642 15678 89394 
403 3
98419 36066 45593 
580 10
80384 21737 19161 50632 89447 343 744 14156 27280 22134 
625 10
70893 83173 94827 33570 33912 14905 38190 23603 72103 37262 
297 2
31210 22064 
489 7
33530 83578 27856 69508 49035 12026 44324 
750 4
78913 87111 55699 17193 
854 6
72890 24478 40923 83078 37894 86274 
299 5
31890 96650 18824 16421 71680 
784 3
66280 81356 51509 
853 4
97314 77067 81435 86274 
87 7
44873 24618 92235 30756 47094 31702 13220 
267 3
48758 21069 80119 
326 3
55035 39858 47823 
538 1
87720 
548 2
10551 89961 
603 8
84861 77215 500 46431 62456 25291 91568 95402 
704 6
80017 43386 51640 121 95518 62698 
932 2
33912 38785 
494 6
96650 66997 8561 33176 15876 13492 
777 2
60642 43415 
141 3
38691 19222 86428 
77 1
31890 
95 2
78913 58678 
276 10
18824 2552 3364 58653 42137 27856 91480 75995 55777 80210 
484 6
23834 62116 34837 85413 11842 92573 
836 2
33106 93139 
7 4
10551 82886 77759 94358 
401 3
98060 66157 69971 
451 8
49685 21225 64513 42411 81356 62482 62116 86128 
661 2
21737 93428 
721 3
7198 19570 97859 
812 2
31890 93428 
398 4
66931 93178 58989 69819 
472 2
84518 56256 
713 7
3364 10870 55665 91262 6643 65584 57512 
14 4
24776 93618 23604 23603 
65 5
24228 53125 89447 33571 81507 
342 6
34886 7698 60190 63477 30606 19902 
496 8
9190 64493 53458 44324 43492 23125 73126 76057 
831 7
93178 74545 94358 18976 72783 55846 6088 
849 6
80730 37262 744 30945 47067 38888 
528 6
43492 91630 62116 44384 92853 65952 
976 3
43386 94943 72178 
291 9
87720 51803 11532 52469 14256 52895 93178 61492 31643 
316 2
62388 84518 
558 6
66235 90268 51248 62388 44384 18219 
760 5
14332 48179 74768 8376 7698 
978 3
6290 9110 8561 
100 6
78806 39858 31210 23834 37259 84593 
102 4
71650 20744 61518 52469 
222 7
44640 51640 72783 4105 71368 44139 66720 
292 1
55777 
358 10
60588 10855 10729 18516 96064 8287 36075 6643 24824 37845 
731 3
53125 21737 50788 
931 5
23853 51624 56987 14332 91000 
115 2
96284 33912 
13 8
75197 97196 84308 20108 44999 77067 85182 4861 
165 8
46591 37540 21217 94528 38698 89771 93773 42403 
196 1
13379 
996 2
779 94827 
848 6
10855 93051 48805 90580 100 52895 
568 5
84503 59329 32426 57296 72914 
611 3
53139 12898 74452 
157 6
99356 58342 94034 50083 66513 28829 
534 6
20446 51509 30756 62155 61144 61011 
945 7
62456 93892 2260 52433 77215 80658 37676 
101 5
37335 4105 65419 45747 73897 
118 6
80175 29571 29004 53125 1341 95402 
298 5
488 40806 30606 91480 5031 
542 5
30945 11634 2260 98722 20807 
968 5
80945 21329 87332 54268 34323 
782 3
26753 29633 48047 
977 4
98060 63730 75684 23213 
377 2
93618 42137 
882 2
20041 65519 
42 3
78776 78080 37465 
170 6
96161 6257 36141 71738 22579 97859 
200 2
6094 88968 
303 6
59467 80658 13089 26677 28829 68966 
682 6
67175 37363 31890 24478 58626 84518 
702 10
29633 8473 35139 39042 9818 48805 99071 43492 14156 50788 
776 13
49057 22134 35848 17783 42575 5031 20108 94340 343 47823 31210 30430 80017 
788 1
35139 
571 6
42137 67019 6643 67899 31702 91086 
220 2
21384 38698 
833 6
93936 69779 84179 44999 60606 88968 
933 6
84737 86128 34620 11680 20446 95638 
679 2
70893 85663 
955 6
100 66322 60588 9190 58697 13089 
155 6
85413 57258 9133 37259 92233 85929 
278 7
72312 20163 84308 70553 60661 18185 82253 
279 1
66523 
744 3
11634 19363 58342 
840 6
38888 57296 5031 59825 121 84767 
651 2
99035 21968 
383 6
62456 37894 10027 61011 18824 90503 
609 10
51781 58530 61388 72035 14724 60500 98657 11532 97235 21329 
642 2
1130 44640 
293 14
78776 93428 45187 9034 72035 35342 17115 12026 95564 54079 87720 42403 44324 86428 
471 7
37363 48335 31155 84503 98655 31702 94497 
557 4
76717 69501 82339 72312 
616 2
15876 89346 
626 2
91568 97235 
766 6
49057 71483 48292 42137 94340 4861 
802 3
30654 9177 80945 
900 1
45593 
241 2
68327 58017 
384 2
9445 14905 
758 4
22064 17708 33176 78093 
951 3
91262 56812 66720 
231 1
5883 
180 5
4210 52624 94352 21225 72356 
509 3
21225 77389 37323 
70 4
58120 54140 59652 84463 
80 2
201 10973 
379 1
58697 
382 13
95638 71142 97688 66157 96410 20226 91386 33176 86382 10729 33106 24394 78080 
416 2
54770 1130 
676 1
8172 
748 5
63024 42411 24776 13492 85738 
818 8
53634 49752 18824 8561 18465 89394 20730 60642 
889 1
87332 
29 4
71814 19902 99071 66157 
55 4
32384 66997 18649 12617 
323 2
85663 53634 
746 7
44384 76532 35342 70559 66931 65616 49057 
46 3
2260 72128 83078 
97 4
7952 97817 80945 43732 
110 7
52479 51781 14553 53303 23928 45187 8217 
313 10
51803 90580 15527 78622 31890 57512 34839 88968 71142 36824 
442 8
23853 57512 76641 27894 86274 39734 42316 88697 
504 3
44139 23873 33540 
597 1
32384 
793 4
99163 37363 100 63045 
863 1
7952 
123 5
92815 42829 78622 71680 43451 
140 5
17783 30756 49035 81548 14925 
347 3
67071 48840 50251 
482 3
93892 35848 85847 
832 4
95564 89982 84378 24618 
936 5
36824 75197 18649 28357 83642 
181 4
30822 16595 34886 92853 
346 4
95230 92235 72048 10855 
396 5
25860 4941 66322 80210 35530 
546 2
13492 44811 
306 6
97235 63024 78540 46431 79976 74545 
537 2
16380 96410 
824 2
89447 93316 
942 6
42316 62155 30654 49685 14553 75197 
28 3
70396 19902 81369 
294 1
76048 
536 4
73126 27554 46431 97817 
588 2
38888 62456 
249 9
68703 48047 84242 92464 50083 80658 20730 18516 33106 
282 1
47706 
336 6
17115 10027 46877 51640 70269 37676 
866 3
34323 37262 37676 
432 3
35530 64569 35848 
560 3
8376 32426 89862 
921 2
29065 42235 
998 3
18578 88968 42403 
260 2
45340 27854 
786 3
26861 2260 23603 
858 3
47706 33540 80175 
935 1
78093 
456 4
9110 51803 77389 81507 
565 11
48292 9445 13379 95300 54080 91147 28799 17193 98419 5738 500 
903 1
48335 
64 2
61144 85663 
488 3
58626 3013 53155 
520 3
95381 23213 89447 
811 6
5101 27554 8287 21968 1699 76641 
842 4
25598 92464 97314 66133 
386 4
5031 97235 8249 96284 
727 7
84179 96495 6643 78093 7632 76057 98363 
770 5
48335 488 69971 81913 27254 
890 1
8172 
19 3
201 8376 98629 
63 11
17708 51248 47823 53139 17193 78776 52479 14256 72048 16595 35786 
526 6
343 27254 58530 53155 21069 16595 
841 4
88283 62116 93936 33570 
82 7
81102 98419 90503 80017 49964 76710 18907 
355 12
52895 3918 93051 24228 98629 90910 37540 6094 10551 29065 488 27280 
670 6
39844 20226 91086 6094 59825 53458 
697 4
55124 31210 84060 89394 
67 1
6257 
337 3
53303 72021 4894 
586 8
25598 5594 62270 53327 61144 72647 18219 30654 
860 1
5738 
407 2
59825 88411 
27 11
93986 90268 84503 62270 64927 43315 78540 55699 20446 97406 3997 
498 10
85738 46431 66720 93248 94352 94827 2618 204 38691 68703 
613 4
17791 49057 75995 95648 
796 5
99071 74768 1185 43386 62976 
450 8
29065 52433 77105 10940 37262 50788 72148 5594 
511 2
89862 72504 
668 6
54066 48179 69725 71142 14332 23624 
683 3
51640 90895 60954 
755 5
26753 94120 61287 96161 24478 
988 7
37363 4941 30945 3918 93316 19363 10940 
134 1
46431 
17 2
75302 55777 
305 3
10855 93051 44811 
163 3
69819 92074 64513 
275 12
1341 38631 84518 99071 42235 27254 22134 13220 95300 45593 4822 53296 
946 2
53303 19570 
131 4
71983 96650 38691 17791 
236 14
749 46809 79597 71142 9133 84060 21384 9960 51781 61610 59467 100 5347 89927 
582 4
4894 74768 82339 20923 
74 13
95638 17265 95518 89447 67899 1699 70553 91000 45521 99071 79269 53327 12026 
132 7
60749 15072 21329 74545 31890 77215 63730 
246 5
31890 48179 33571 30524 49752 
348 4
97196 14724 2552 81369 
466 7
93316 81369 21902 18907 13379 54622 53634 
480 13
84179 90503 71142 31084 15429 20108 20831 35848 68966 4861 47823 42316 54540 
590 5
13066 97196 99035 92 56256 
284 8
28525 89742 42624 500 27554 18907 7698 46809 
492 1
93232 
514 3
56609 5738 99035 
726 1
55124 
593 6
5738 18465 72504 30822 72783 43315 
740 2
76710 82769 
787 3
21384 13220 78776 
185 1
23624 
749 10
19161 37954 58336 18907 72021 72783 5883 45747 84242 61538 
807 3
85413 39734 25860 
286 3
66997 1341 43451 
631 3
25556 24426 36075 
635 2
58697 30945 
644 8
82849 904 204 10746 91086 56609 94358 17193 
994 7
91699 55261 3997 52433 93986 4105 24824 
523 9
93051 86428 91262 9445 99117 30756 51248 44523 61518 
707 2
54707 43386 
846 5
61011 27554 46493 42937 63024 
149 5
33540 71680 21217 33530 75928 
544 1
89447 
736 12
91000 86033 67899 27501 9034 20923 86382 98655 96284 37465 37262 30858 
894 2
27254 75302 
915 9
84060 25887 95518 41057 66157 72298 66997 83374 20807 
340 4
85413 2246 86499 8473 
444 1
81102 
474 1
21248 
111 9
47706 66891 44139 45187 29049 96064 85738 30654 10154 
353 2
26419 61287 
877 8
30756 71814 42235 81534 37676 34620 54140 27501 
327 7
18976 38698 59825 91699 95581 16380 81534 
579 2
69725 60588 
61 6
39734 91480 91000 99265 97406 93618 
160 11
30756 42137 75651 63045 30075 62155 779 48292 96410 72647 99117 
448 1
49057 
918 1
49964 
2 3
1931 23604 67888 
729 2
27601 80730 
4 7
75302 99071 23125 72298 51509 17197 24276 
362 7
22436 95581 97695 91262 48292 34620 23125 
791 5
53458 55035 71738 25598 30430 
864 7
65952 29049 27601 6094 41057 49402 8473 
876 2
21384 43342 
85 2
47706 57296 
207 4
72356 25663 69779 488 
277 9
83374 52479 21248 29065 24962 10551 20163 36141 13066 
391 8
18907 27854 48292 93457 80730 8217 96064 15876 
549 6
42403 91568 4362 51248 30606 37845 
769 6
36816 53303 22064 40201 42624 32426 
543 2
19753 96284 
592 2
80175 28143 
656 5
67888 95402 88697 24478 69242 
283 6
58998 92853 92464 42624 86409 8217 
109 1
73126 
169 9
34837 39734 64513 71814 67888 89927 86499 76532 91568 
182 5
42316 87579 121 18219 9110 
328 9
74911 500 10746 1341 30075 9960 65419 69085 72783 
574 4
500 24824 89742 18219 
972 6
39042 26647 61373 54268 10973 89742 
250 2
46591 70559 
458 8
30742 35786 38631 52479 33685 83175 54595 87332 
321 4
48758 58678 44999 93773 
607 2
10940 84242 
659 3
58342 98657 18516 
792 8
76641 38190 82253 53125 61144 68703 55699 32384 
908 3
1931 46591 10766 
567 7
18976 44811 29045 46877 94943 42137 10870 
669 6
80730 24426 41632 16595 6088 96064 
715 1
35447 
803 9
89346 72048 31210 4822 25663 5738 9445 52469 16681 
929 3
53125 98490 22436 
107 3
33685 7198 11089 
446 14
34837 22436 74911 46877 11634 48179 4861 94827 2922 83175 54540 4210 96774 94651 
